	plot_ID	elevation_zone	lat	lon	elevation	aspect	slope	plot_size	rock_soil	cover_rock	soildpt_median	soildpt_mean	folded_aspect_NE	heatload	pH_H2O	Ca	Cu	Fe	K	Mg	Mn	P	Zn	total_N	total_C	CN_ratio	fog_freq
1	L11	2100	24.70732	121.45038	1980	25	39	100	0	0	5	35	20	0.532926201	3.781	108.4626801	0.368908669	469.9773723	94.15455155	48.48756967	14.35147367	9.515011748	2.444765668	0.815387623	10.86676935	13.3271208	0.22846
2	L12	2100	24.70218	121.44499	2050	140	5	100	0	0	5	35	95	1.010725816	3.274	159.3964994	0.684054622	371.653713	214.9585243	244.453665	12.3826631	48.48974224	17.29436335	1.527534927	29.54341597	19.34058295	0.14836
3	L13	2100	24.70716	121.45082	2040	40	47	100	0	0.5	4.5	28.5	5	0.40824062	3.452	277.3685017	0.438549445	480.1191344	224.1426235	182.2575043	25.49361138	41.4308308	7.594450614	1.358427766	22.54475892	16.59621474	0.22846
4	L14	2100	24.7057	121.45064	2120	90	1.5	100	0	0	5	35	45	0.982833275	3.362	59.57758952	0.074763839	459.638675	94.24247461	58.82367289	5.792208087	14.49959501	5.852008436	0.5594021	8.900575443	15.91087243	0.19212
5	L15	2100	24.70498	121.45034	2100	88	9	100	0	0	5	35	43	0.930445778	3.862	38.34473947	0.263118953	431.6592923	82.7726679	31.62334215	6.443519491	5.90363577	1.885550948	0.555125192	7.598729176	13.68831624	0.19212
6	L16	2100	24.70299	121.44613	2060	190	19	100	0	0	4.5	27.75	145	1.107370909	3.211	154.1971172	0.572022449	206.5638544	173.0007034	205.0749151	11.91602197	52.7955287	17.94091494	0.731575143	13.74850203	18.79301417	0.14836
7	L17	2100	24.70238	121.44592	2046	120	28	100	0	0	4.5	30	75	0.88882329	2.91	138.8146297	1.488268374	96.80109494	318.9243607	433.1335365	7.604987115	67.87090391	22.45284355	1.50410958	51.06281922	33.94886909	0.14836
8	L1L	2100	24.70092	121.44442	2082	180	14	100	0	0	5	35	135	1.086645346	3.02	154.2517734	1.54758451	312.1664731	241.0412576	274.7878319	13.462314	113.6650327	22.34968203	2.335950975	44.04987485	18.85736273	0.1484
9	L1R	2100	24.70341	121.44658	2060	168	15	100	0	0	5	35	123	1.07822938	2.854	154.271838	1.357240228	150.549281	323.3308625	514.8543577	8.456792814	87.369569	30.39625821	1.765427773	55.2586659	31.30043989	0.14836
10	L1W	2100	24.70672	121.45071	2176	40	31	100	0	0	5	35	5	0.586101393	3.38	359.4570744	0.758930676	471.6763224	187.1046359	147.6007841	30.1122716	55.9810394	6.193332736	1.430152359	22.48496762	15.72207848	0.22846
11	L21	1850	24.72006	121.443	1813	350	33	100	3	5	3	19.25	55	0.744240746	4.021	456.7590899	0.772958508	161.7090373	173.8045718	89.64639936	103.9700981	57.41162985	3.842541921	2.041244745	27.16965225	13.31033543	0.28064
12	L22	1850	24.71853	121.44352	1888	50	10	100	0	0	5	35	5	0.863966464	3.807	222.0902804	0.743182457	137.2662923	172.3478735	75.00812568	119.3353519	37.10221639	3.829464295	1.72039472	24.09527615	14.00566734	0.27042
13	L23	1850	24.71851	121.44396	1884	54	44	100	5	30	2	13	9	0.447514444	4.126	403.0635216	0.4832389	216.7761176	132.8136543	65.09661062	68.94008859	29.29280242	3.594011535	0.992135285	12.12206702	12.21815936	0.27042
14	L25	1850	24.71877	121.44327	1885	310	24	100	0	0	5	35	95	1.000327723	3.43	114.5603209	0.499181358	290.0461941	111.7197345	63.21920529	14.99447369	23.40523279	2.986223373	1.209868292	16.8776616	13.94999911	0.27042
15	L26	1850	24.71813	121.44326	1891	260	24	100	1	1	5	26.25	145	1.113136649	3.302	56.12928194	0.502801049	366.3122614	150.0540832	65.93364286	11.3962767	42.26030295	4.245904497	1.762898349	25.03048922	14.19848696	0.27042
16	L27	1850	24.7175	121.44307	1868	220	38	100	0	0	3	15.25	175	1.01830798	3.279	345.9794588	0.59027942	368.2599531	267.2785173	207.6623031	27.66015825	133.1375913	9.725978933	2.803694827	42.36643519	15.11092962	0.27042
17	L2L	1850	24.71812	121.44269	1870	250	25	100	0	1	5	30	155	1.109909743	3.689	45.66759213	0.254698104	203.6304573	106.4529904	43.37751794	11.61874257	19.3925765	2.563414511	1.772994187	25.85947963	14.58520272	0.27042
18	L2R	1850	24.7189	121.44264	1864	315	18	100	1	1	3.5	22.75	90	1.003395596	3.461	217.1285525	0.497109957	434.4681321	258.9597355	141.9950532	18.89321511	106.4803228	11.85535643	2.60891064	41.27302107	15.82002099	0.27042
19	L2W	1850	24.7194	121.44329	1857	10	33	100	1	2	5	29.5	35	0.655408843	3.776	455.7636051	0.678001779	210.1100697	118.5170463	84.59589557	123.1340569	28.38725644	3.881984494	1.173040079	15.6382683	13.33140153	0.28064
20	L32	1600	24.73814	121.44446	1628	138	20	100	0	3	3	16.5	93	1.007206851	3.462	428.10004	1.172761883	367.2152305	220.6758446	167.2987755	21.78749406	97.29651696	14.6625174	1.361383935	24.37591198	17.90524433	0.31341
21	L33	1600	24.74081	121.4501	1520	340	51	100	10	5	3	18.5	65	0.608310286	4.315	1822.36037	1.055793444	253.9756038	224.6496658	323.5329366	152.5876899	30.56154587	12.2515787	1.245751397	23.4983897	18.86282428	0.33953
22	L34	1600	24.7374	121.44507	1600	120	32	100	0.5	1	4.5	28.75	75	0.85503144	3.647	178.5724031	0.342675519	380.0838494	309.2236399	68.89227659	7.357514329	21.66131975	3.927057323	0.846892553	13.40665897	15.8304131	0.27266
23	L35	1600	24.73781	121.44548	1600	133	25	100	3	10	3	15.5	88	0.96714285	3.774	210.464422	0.517366207	211.9470861	172.6483551	60.72427503	26.28019324	28.06291272	3.074611788	1.096947824	15.75629244	14.36375742	0.31341
24	L36	1600	24.73921	121.44801	1565	140	16	100	0.1	0.5	3	18.75	95	1.021452636	3.403	347.9454796	0.900874024	174.6100481	227.9137926	122.7594458	22.10246954	114.1827877	11.92403012	1.298908894	21.94008561	16.89116589	0.33035
25	L37	1600	24.74025	121.4498	1550	142	17	100	0	0	4.5	30.25	97	1.025679307	3.488	144.3412284	0.590600202	294.8578936	242.3588794	90.28270793	21.06988726	42.08046347	5.382683261	1.549601968	22.8881833	14.77036282	0.33953
26	L38	1600	24.73946	121.44876	1570	98	17	100	0	0	5	30	53	0.888929521	3.613	237.7079672	0.567746517	238.6704288	202.7465037	80.81758683	25.42151086	25.12036996	2.927008562	1.083914173	17.03066607	15.71219059	0.33035
27	L3L	1600	24.73821	121.44591	1610	150	32	100	0	0	4	29.5	105	1.001323126	3.828	298.8157599	0.348840697	399.7183752	134.1105331	61.64846044	17.64459574	12.05698051	4.294823368	0.703512588	10.30022864	14.64114334	0.31341
28	L3R	1600	24.73917	121.44704	1625	140	31	100	0	0	5	30	95	0.962600291	3.334	620.3058754	1.348922728	129.9039034	282.4330025	562.1725714	10.30950296	86.94589809	29.26025621	2.067576862	51.56987443	24.94218009	0.33035
29	L3W	1600	24.74055	121.44936	1540	20	58	100	5	0.5	4	23.5	25	0.363505998	3.381	541.2708994	0.946662926	343.1167313	270.709341	261.006593	33.77873975	85.41028452	12.46020808	2.031639903	36.64805991	18.03865924	0.33953
30	L41	1350	24.75275	121.46992	1330	140	31	100	1	1	3	17.5	95	0.962467261	3.529	66.18121265	0.757612247	285.2738272	101.5810831	47.3252457	48.33187125	13.13675426	2.364993194	1.006242216	14.20903949	14.12089382	0.30661
31	L42	1350	24.75164	121.46726	1390	140	10	100	1	0	3.5	21.25	95	1.021095558	3.459	145.7295469	0.485506738	346.9764558	133.0719762	60.76476797	22.83961446	12.2794473	2.611689951	1.044358192	14.83688663	14.20670298	0.31096
32	L43	1350	24.75198	121.46829	1365	125	26	100	0	0	4	24	80	0.926058085	3.039	367.4009869	0.724642578	407.9442143	172.587827	203.3598411	18.89173744	64.65530268	16.59814139	1.745607891	33.48067328	19.1799507	0.31096
33	L44	1350	24.74949	121.46705	1380	72	24	100	20	40	3	13.5	27	0.732068592	3.693	524.3912809	0.990506376	270.9863655	227.2348654	108.4915722	64.54083884	23.46818968	3.418316773	1.196679187	17.38931476	14.53130876	0.30717
34	L45	1350	24.75018	121.46659	1390	20	8	100	5	0	3.5	21.25	25	0.912257823	3.394	321.9055839	0.626599871	356.3561663	127.3665109	79.67338422	24.68227187	19.42953242	2.585457289	1.101478056	15.98330872	14.5107827	0.30717
35	L46	1350	24.74883	121.46633	1375	174	27	100	3	4	3	12	129	1.094563639	4.02	145.5482567	1.280220424	83.25015167	123.9031714	46.41898774	171.8040789	25.15503143	2.824143885	1.256690975	16.35394602	13.01349842	0.31853
36	L47	1350	24.74957	121.46449	1380	160	32	100	15	10	3	15.75	115	1.04017101	4.179	1129.264155	1.445685116	323.5406793	337.7256946	182.027549	60.33581711	23.82662089	6.826756038	1.626479634	25.43471515	15.63789341	0.31853
37	L4L	1350	24.74851	121.46725	1350	192	24	100	5	2	3.5	16.75	147	1.113183165	3.394	171.106254	0.610691063	386.2999018	165.7073351	82.60210831	23.65206563	14.37019101	3.082856193	1.170247186	17.13240556	14.63998867	0.31843
38	L4R	1350	24.75242	121.46869	1417	60	20	100	0	0	5	29.25	15	0.749384039	3.229	225.6183879	0.203196216	423.1949182	78.97403557	92.72748667	9.756987675	13.23763074	6.821467982	0.442096589	9.194318065	20.79707985	0.31096
39	L4W	1350	24.75245	121.4692	1345	46	45	100	5	3	3	18.25	1	0.41903477	3.689	69.85560135	0.834161123	241.8642982	97.60563114	41.8963759	20.78491698	7.79244153	2.425024459	0.772177339	10.85466403	14.05721649	0.30661
40	L51	1100	24.81857	121.46839	1148	248	27	100	1	1	3.5	22.75	157	1.105808385	3.843	112.1361229	0.871973465	426.1913418	157.5050056	43.60790635	15.15962311	8.463109087	2.754629114	0.821714463	12.06585707	14.68375892	0.1681
41	L52	1100	24.82008	121.46818	1132	302	17	100	0	20	4	26.25	103	1.040764889	3.402	112.1046414	0.463731309	476.5694408	128.0203862	60.16504501	5.713674084	12.76566511	4.453875978	1.13271777	19.58420144	17.28956847	0.15882
42	L53	1100	24.82057	121.4692	1135	50	39	100	0	3	4.5	30.25	5	0.490288715	3.899	69.05056793	0.393659889	375.4399065	90.31105521	30.7293912	2.736889189	3.771647161	2.130628805	0.564114984	9.506748481	16.85250126	0.15882
43	L54	1100	24.81991	121.46925	1150	236	41	100	0	4.25	3.5	24	169	1.016650788	3.612	161.4844501	0.548737735	454.2233737	169.552497	67.22770072	11.8363245	13.10329547	4.387181677	1.263453078	20.82805525	16.48502474	0.15882
44	L55	1100	24.82227	121.46824	1090	298	14	100	0.1	0.1	3	19.5	107	1.047997917	3.881	46.92472972	0.445999808	340.900432	85.76387634	31.58371357	10.20367374	5.495998147	2.31179804	0.591143185	9.067496727	15.3389178	0.14773
45	L56	1100	24.82222	121.46898	1080	53	20	100	1	2.25	3.5	22.75	8	0.733495111	3.616	151.5126659	0.547804109	444.3454214	135.0875574	59.97083719	5.600656065	14.99871695	4.105102499	0.929484228	14.13497645	15.2073333	0.14773
46	L57	1100	24.82144	121.46839	1139	336	17	100	0	10	3.5	25	69	0.938903764	3.708	46.87267308	0.484550898	393.8152586	101.1321144	37.91530406	10.99402285	6.636038454	2.833590922	0.787258487	12.2298162	15.53468956	0.14773
47	L5L	1100	24.81925	121.46816	1140	334	13	100	0	0.2	4.5	29.5	71	0.964746664	3.633	135.3482838	0.704898008	430.2442026	172.0585958	66.25721272	14.05808521	9.630034924	3.572223956	1.014905047	15.90168469	15.66815017	0.15882
48	L5R	1100	24.82151	121.46884	1120	294	25	100	0	0.02	4	27.25	111	1.052537246	3.709	81.67417678	0.674207176	372.8623648	136.7776877	51.6678066	6.408675498	5.876934964	2.66664427	0.841298723	12.36931981	14.70264898	0.14773
49	L5W	1100	24.81	121.46963	1120	61	26	100	0	0.5	4.5	26.5	16	0.674694915	3.487	160.7475818	0.478175059	501.5387128	174.8303681	75.28218579	8.082705048	11.4301917	4.531929116	1.155718256	18.29727378	15.83195012	0.15882
50	L61	850	24.85496	121.52917	860	340	18	100	10	5	3	16.75	65	0.918973257	4.194	43.61779657	1.608853871	347.9769444	123.1242547	42.48747354	11.61624618	12.83835987	2.503241245	0.621743696	7.683486704	12.35796479	0.15794
51	L62	850	24.85562	121.52943	840	295	31	100	20	5	4.5	30.5	110	1.026037184	4.305	9.601985543	0.865328029	229.5172134	75.54995261	25.04633126	4.765464438	4.385662679	1.445437355	0.369404613	4.499044248	12.17917723	0.13309
52	L63	850	24.85629	121.53074	850	350	28	100	1	3	4	22.5	55	0.793505877	4.186	31.07479093	1.054900713	274.8932799	101.5953919	34.40049316	11.69157512	8.523857951	1.900818789	0.553674289	6.952502879	12.55702679	0.15508
53	L64	850	24.8553	121.53128	874	89	8	100	5	0	3	18.5	44	0.938023937	3.672	224.0043674	0.873124624	409.4444171	181.4836251	98.88098952	26.26243132	22.1886465	4.160989026	1.027582505	15.32630947	14.91491865	0.15775
54	L65	850	24.85461	121.53145	868	188	13	100	10	5	4	25.5	143	1.084304164	4.09	177.2206125	0.973480676	190.8345388	131.9192973	56.38047458	9.929298174	12.50032542	2.29137376	0.770797987	9.79211363	12.70386508	0.15775
55	L66	850	24.85489	121.53076	870	336	10	100	0	0	5	35	69	0.971405921	3.963	61.44667477	0.880004433	314.5189165	128.7824212	48.25527891	9.606614508	5.978646478	2.614236929	0.787671281	10.71666141	13.60549975	0.15775
56	L67	850	24.85422	121.52923	865	241	16	100	2	5	3.5	25	164	1.08860007	3.975	104.6859324	0.799079088	348.0463256	140.9371399	46.86159822	7.898457611	7.773896032	2.467346822	0.659824588	9.012578452	13.65905213	0.15794
57	L6L	850	24.85399	121.531	860	170	27	100	30	10	3	12	125	1.085835205	3.794	279.1131613	0.935844469	325.674247	124.8224557	60.63422998	26.85455052	7.96896834	2.853428308	0.56769703	7.885599248	13.89050645	0.15775
58	L6R	850	24.85442	121.52996	860	200	23	100	15	5	3.5	19.75	155	1.10954951	3.8	76.97633235	0.836059659	344.4686673	105.9765968	50.22607387	14.76155904	8.882322202	2.14120953	0.637355406	8.901667827	13.96656833	0.15775
59	L6W	850	24.85559	121.53023	860	300	17	100	10	0.75	4	26.5	105	1.045418818	3.751	63.00014975	0.918426266	336.5693627	88.51385131	44.84268812	15.76820301	7.696383428	2.314023886	0.577702456	8.35700759	14.46593744	0.15508
