	species	species_abbrev	LDMC	Lth	Chl_SPAD	LA	SLA	EWT	succulence	d13C	d15N	leaf_N	leaf_C	leaf_CN	SSD_core	SSD_branch	WRu	WRb	VD
1	Acer kawakamii	Acerkawa_T	352.3776962	0.169722222	53.94590443	2642.708778	22.43594573	0.085673523	0.111722254	-29.163	-5.134	24.3	429.9	17.69135802		0.4148612	80.05	83.92777778	
2	Acer morrisonense	Acermorr_T	360.2665265	0.154583333	51.68297741	4417.95725	20.82884819	0.087460481	0.114848276	-31.837	-4.458	18.1	412.8	22.80662983		0.411052025	69.1	79.45416667	3.331409524
3	Acer palmatum var. pubescens	Acerpube_T	435.917275	0.143103535	46.7956211	1945.936909	17.80539116	0.075764842	0.080391355	-29.85	-3.89	18.43333333	436.9666667	23.72218689	0.6116681	0.4756422	69.29772727	75.90909091	4.297074286
4	Adinandra formosana var. formosana	Adinform_T	342.0292288	0.299541667	49.81666667	1361.916667	11.83434648	0.162977169	0.202296668	-33.156	-1.062	8.2	393.2	47.95121951		0.5760821	74.00266667	73.15508333	2.826711905
5	Antidesma japonicum var. densiflorum	Antidens_T	295.8407899	0.177055556	48.31666667	1467.582333	20.02215603	0.11988837	0.122223118	-33.167	-0.763	15.6	398.2	25.52564103		0.6390415	88.65	88.2	3.996352381
6	Ardisia quinquegona	Ardiquin_T	423.0619272	0.21	62.10025982	1428.165333	11.26397543	0.121975824	0.119440219	-31.461	-1.751	15.7	449.2	28.61146497		0.5981767			
7	Barthea barthei	Bartbart_T	301.5584151	0.278055556	51.9235816	1504.017889	20.84050718	0.112388862	0.187005202	-33.155	-1.482	14.5	406.6	28.04137931		0.541669367	68.28055556	60.86666667	
8	Cornus kousa subsp. chinensis	Cornchin_T	411.9194547	0.163916667	55.51666667	3352.851667	12.55664371	0.114435782	0.090603396	-28.121	-3.02	18.8	418.7	22.2712766	0.6664706		59.1	75.3	3.187638095
9	Blastus cochinchinensis	Blascoch_T	275.6898055	0.196805556	45.18827131	3535.561	30.90447742	0.087167504	0.140945348							0.492630133	75.55416667	62.89166667	
10	Camellia brevistyla	Camebrev_T	437.1594571	0.379388889	72.25936739	709.5575556	8.446075997	0.158797041	0.212445521	-29.0935	0.8551875	16.3	429.15	26.32700994	0.5843548	0.54781115	61.19444444	71.63888889	2.994744762
11	Carpinus rankanensis	Carprank_T	541.6249434	0.0785	34.1	2210.993	14.48269641	0.058464451	0.038234616	-28.268	-0.940533333	19.4	463.1	23.87113402	0.5642012		57.61666667	75	4.5954
12	Castanopsis cuspidata var. carlesii	Castcarl_T	445.5075115	0.289555556	48.85423345	1827.461278	9.793504412	0.127040907	0.157874404	-31.0805	-0.723	14.95	449.05	30.82124138	0.51650305		72.51388889	93.06944444	3.821630159
13	Chamaecyparis formosensis	Chamform_T	447.208027	0.509888889		1216.192111	8.338536841	0.148847005	0.281028241	-27.941	-1.675	11.1	469.3	42.27927928	0.3788629				
14	Chamaecyparis obtusa var. formosana	Chamobtu_T	469.1738735	0.711805556		911.0585	6.904726298	0.164091734	0.371599481	-29.543	-2.922	8.6	446.6	52.06504065	0.46277925				
15	Cinnamomum macrostemon	Cinnmacr_T	479.2921344	0.210037037	43.88888889	2091.624	10.04488027	0.109978221	0.114469176	-32.892	-2.619	15.2	454.8	29.92105263	0.5719903	0.45604585	72.05116667	84.93808333	3.938444444
16	Cinnamomum micranthum	Cinnmicr_T	344.322741	0.2245	44.33333333	4915.256333	11.78563436	0.161770262	0.152085996						0.3861789		77.85	81.48333333	3.879538095
17	Cinnamomum subavenium	Cinnsuba_T	484.658885	0.3892	42.91482707	1047.507733	9.251187249	0.117895269	0.187666636	-31.1385	-2.626266667	13.7	453.4	33.12462006	0.50611884		75.15833333	121.175	4.603387302
18	Cleyera japonica	Cleyjapo_T	405.8003055	0.483386364	79.4332421	1582.9032	6.867905652	0.217860324	0.28986122	-28.807	-1.812708333	10.23333333	434.2333333	42.71469912	0.6104833	0.608169	71.23333333	78.34621212	2.93953254
19	Cryptocarya chinensis	Crypchin_T	385.718897	0.244729167	57.37512117	3066.91525	12.66817139	0.127720194	0.144805471	-34.303	-1.914	16.9	451.2	26.69822485	0.502734633	0.4988833	68.20555556	82.43333333	2.846180952
20	Cunninghamia lanceolata var. konishii	Cunnkoni_T	389.4369155	0.414166667	41.525	231.5978333	9.246245759	0.169849896	0.262928013	-28.48228571	-1.504857143	10.37009986	475.9983355	45.90103683	0.46621115				
21	Quercus gilva	Quergilv_T	454.9529387	0.287638889	54.7	3027.607778	9.179095748	0.137804483	0.151990502	-29.3	-0.322	13.2	454.6	34.43939394	0.5616398		73.72055556	114.0315	4.845502381
22	Quercus longinux var. longinux	Querlong_T	479.463083	0.218191667	43.56522783	1072.826233	12.24170581	0.091525272	0.11268923	-31.865	-0.31525	15.25	452.3	29.90732534	0.74903546		69.60833333	101.0462963	4.343300794
23	Quercus morii	Quermori_T	534.6632463	0.376770833	49.42565797	1935.289375	6.942661716	0.126835568	0.173478329	-29.33933333	-0.821541667	17.13333333	452.4666667	27.00578211	0.71446945		75.26041667	79.07857143	3.503885317
24	Quercus sessilifolia	Quersess_T	497.3358951	0.401009259	55.02729149	1903.797139	7.06960797	0.144876189	0.193125491	-29.43725	-1.31625	14.8	452.25	30.90275132	0.728944458		76.41287879	77.925	3.45062
25	Quercus stenophylloides	Quersten_T	493.781805	0.243833333	45.88333333	3029.931333	7.698537843	0.133608227	0.13466041	-27.891	-3.715	17.9	454.9	25.41340782	0.7069536		67.08333333	86.18333333	3.624942857
26	Daphniphyllum glaucescens subsp. oldhamii	Dapholdh_T	340.7113254	0.27	60.79647653	2608.428667	13.15088008	0.14784753	0.173538845	-32.235	-1.963	16.8	415.5	24.73214286	0.517316		79.38333333	122.0666667	
27	Daphniphyllum himalaense subsp. macropodum	Daphmacr_T	376.6530404	0.368229167	60.22321638	5379.5435	7.658171221	0.219946329	0.224284089	-28.439	-2.805	14	421.6	30.11428571	0.525979375		70.33458333	97.98208333	2.774295238
28	Dendropanax dentiger	Denddent_T	309.8833727	0.235597222	48.56359515	2026.995889	17.31011411	0.13296735	0.160361932	-31.673	-4.815	18.6	405	21.77419355	0.5068804	0.574	64.78055556	76.94861111	2.401887302
29	Diospyros morrisiana	Diosmorr_T	351.9344855	0.225904762	52.74614957	2304.021889	15.28822278	0.124831517	0.143744163	-30.645	-2.097	13.3	441.5	33.19548872	0.53220265	0.4411964	76.50952381	89.30952381	4.081716667
30	Elaeocarpus japonicus	Elaejapo_T	417.9117751	0.245130952	60.05047732	2683.174238	11.23754407	0.127684811	0.143696114	-30.657	-2.714	20.9	447.7	21.42105263	0.466812983	0.4577934	83.93697222	86.41836111	4.066740476
31	Engelhardia roxburghiana	Engeroxb_T	389.4908561	0.219722222	49.17530503	3584.382889	17.19246583	0.092598602	0.132720308	-31.78	0.371375	18.7	446.3	23.86631016	0.446456733		70.30555556	74.54444444	
32	Eurya crenatifolia	Eurycren_T	407.9289138	0.272770833	61.52674023	443.3658333	13.40166067	0.109741149	0.155426485	-32.115	-2.863	14.7	404.1	27.48979592		0.59850445	70.47083333	72.39791667	3.238557143
33	Eurya glaberrima	Euryglab_T	396.5906322	0.35555	74.304132	1111.299133	9.412556653	0.166677616	0.210549105	-34.073	-0.455	11.9	404.2	33.96638655	0.569463567	0.57377055	71.61666667	71.05833333	3.255030952
34	Eurya loquaiana	Euryloqu_T	407.8341706	0.190222222	56.84536356	891.6450556	15.71954029	0.095015015	0.112159991	-32.7335	-2.7155	10.75	394.85	37.57475186	0.6342857	0.60907486	75.36805556	78.2125	3.270506349
35	Glochidion acuminatum	Glocacum_T	389.8982538	0.197666667	60.11688859	2013.137222	15.68190771	0.100278024	0.11758228	-34.298	1.292	24.7	428.2	17.33603239	0.4489852		77.87116667	142.80075	4.67327619
36	Helicia cochinchinensis	Helicoch_T	393.558681	0.287416667	65.13333333	1357.404	9.33411131	0.167318744	0.161451756	-30.30928571	0.501142857	14.31342291	432.6359027	30.22588694	0.5559092		66.961	90.24783333	3.316433333
37	Helicia formosana	Heliform_T	330.0764044	0.255422222	50.47246033	9927.864	14.36121434	0.144594208	0.176565849	-31.206	-1.791	11.8	394.7	33.44915254	0.5332243	0.5923073	74.19166667	91.04583333	2.867147619
38	Hydrangea angustipetala	Hydrangu_T	200.1908455	0.192027778	41.10555556	2237.854556	28.66568188	0.162502552	0.155994447	-31.499	-0.555844444	24.36666667	379.2666667	15.71797795		0.4719457	70.22777778	72.73055556	2.469779365
39	Hydrangea paniculata	Hydrpani_T	307.1271479	0.136583333	39.58333333	1337.855	21.99309436	0.102838344	0.099050559	-30.903	-1.577533333	19.5	418.8	21.47692308		0.4917561	71.8	65.53333333	2.63052381
40	Ilex ficoidea	Ilexfico_T	411.6745672	0.2673125	62.00825509	1445.398708	12.11506016	0.124477042	0.155865815	-32.427	-2.2895	10.7	443.1	41.97748227	0.61293708	0.603255933	72.53020833	82.51145833	3.392811905
41	Ilex formosana	Ilexform_T	365.6342725	0.286027778	68.21137046	1853.952	13.82278131	0.127636263	0.182361503	-32.577	-2.077533333	14.7	442.1	30.07482993	0.5589928	0.5476661	75.41722222	79.69816667	3.171164286
42	Ilex goshiensis	Ilexgosh_T	419.5446918	0.364930556	66.77722806	916.3845	10.49931438	0.133744249	0.204496648						0.571724367	0.6005533	72.13333333	71.975	
43	Ilex hayatana	Ilexhaya_T	426.7653326	0.320333333	64.51299103	649.1995714	10.09425667	0.135426688	0.184372206	-30.446	-2.424	12.8	452.6	35.91269841	0.55106185	0.5662125	72.69478571	77.13897619	2.437330952
44	Ilex lonicerifolia var. lonicerifolia	Ilexloni_T	427.81579	0.271791667	61.71051112	1316.955167	10.74817009	0.127585004	0.152944333	-34.066	-2.559	12.9	458.5	35.54263566	0.4807143	0.6131216	68.325	70.5	3.520109524
45	Ilex rarasanensis	Ilexrara_T	389.7738556	0.17225	47.48333333	3692.173333	14.84923106	0.105437913	0.112283724						0.6129729		70.27533333	62.7545	3.675861905
46	Ilex rotunda	Ilexrotu_T	291.6274518	0.189583333	51.26666667	1049.309333	17.69137568	0.078859144	0.072888175	-32.91528571	-0.907857143	16.37220162	423.9082119	25.89194915		0.4591789	60.81583333	73.959	3.340395238
47	Ilex sugerokii var. brevipedunculata	Ilexbrev_T	419.3012416	0.239166667	123.2166667	986.643	10.61482328	0.130843619	0.1394322	-31.253	-2.284	18.7	456.9	24.43315508	0.5895706		80.26666667	91.83333333	2.930047619
48	Ilex tugitakayamensis	Ilextugi_T	445.0140099	0.328333333	111.7	3783.702333	8.192513369	0.152304875	0.177541389						0.6534883		75.48333333	76.15	3.061838095
49	Illicium anisatum	Illianis_T	355.0412615	0.435977778	70.78136812	1576.846733	8.111348832	0.229599441	0.27947475	-29.888	-1.969666667	16.06666667	459.7666667	28.64404216	0.57495865	0.6055137	68.89833333	75.46333333	2.837195238
50	Illicium arborescens	Illiarbo_T	302.6677231	0.305216667	49.44444444	2616.671333	13.48595916	0.175249804	0.212409042	-30.5	-1.329	12.5	452.4	36.192	0.5122581	0.638374233	68.5	82.1875	3.119746032
51	Itea parviflora	Iteaparv_T	355.7107945	0.181935185	55.84445003	2479.517519	17.82475618	0.104250382	0.11347446	-33.341	-0.318	16.1	433.6	26.93167702	0.565651814	0.5605044	76.69095833	84.74770833	3.849585714
52	Lasianthus appressihirtus var. appressihirtus	Lasiappr_T	375.0538031	0.173916667	44.41666667	1374.088	20.40809411	0.08166692	0.103569577	-27.964	-3.07	13.4	368.2	27.47761194		0.5876625	91.7	75.775	2.31602381
53	Lasianthus fordii	Lasiford_T	329.3267985	0.388333333	63.43812709	2658.792667	19.4410195	0.106340735	0.262159972	-32.214	-0.722	16.9	362.1	21.4260355		0.5154414	77.33333333	66.025	
54	Ligustrum liukiuense	Liguliuk_T	295.7944887	0.1955	50.02777778	825.3144444	19.64694969	0.1235477	0.139959966	-34.044	-2.7165	15.95	452.8	28.38960299		0.672494333	74.67611111	100.1384722	3.171663492
55	Castanopsis uraiana	Casturai_T	472.8315406	0.295777778	41.8196831	1131.971	8.596094833	0.132999367	0.153850774						0.554045633		75.96111111	106.3166667	3.639919048
56	Litsea acuminata	Litsacum_T	470.7820863	0.269272222	46.78330849	2666.715867	11.59108715	0.099674277	0.137947204	-30.16025	-2.466	19.3	465.8	24.55139362	0.500435167	0.5271988	72.33020833	116.1111111	4.986278571
57	Litsea elongata var. mushaensis	Litsmush_T	463.1875687	0.322268519	47.98741289	1660.27737	11.74511826	0.099652884	0.176723578	-30.316	-1.7135	20.5	451.15	22.06180794	0.501709183	0.386388133	66.78551042	130.5983333	5.21182
58	Machilus japonica var. japonica	Machjapo_T	480.8103094	0.27825	46.28952563	2304.2325	8.825446294	0.123261361	0.142222922	-34.138	-4.165	11.7	457.4	39.09401709	0.53481055		75.94808333	108.4169167	3.789680952
59	Machilus thunbergii	Machthun_T	488.220123	0.282226852	48.36636851	1662.899306	8.368508366	0.124536012	0.145508858	-31.645	-1.97	14.5	462.7	31.91309932	0.589680033		71.346875	124.8824074	3.615529252
60	Machilus zuihoensis var. zuihoensis	Machzuih_T	461.0580036	0.309734127	53.20307313	2230.49481	8.842500492	0.134805462	0.165643465						0.528907657		66.17777778	105.4888889	3.654895238
61	Machilus zuihoensis var. mushaensis	Machmush_T	357.5680653	0.248777778	39.73333333	2411.271889	13.99067889	0.132397762	0.149660868	-30.48	-1.549272728	16.35	462.6	28.96504286	0.517894667		64.54444444	133.8194444	3.518112698
62	Malus doumeri	Maludoum_T	468.000869	0.191666667	46.09684141	2221.351	14.5707587	0.078846986	0.097628269	-32.198	-1.255	14.7	449	30.54421769	0.7353474	0.6547866	61.4625	74.5	4.445638095
63	Meliosma squamulata	Melisqua_T	400.060763	0.252144444	47.10300264	1787.5878	11.504911	0.131535646	0.147410925	-30.454	-1.8195	10.1	423.7	41.95049505	0.47786594		64.32936667	120.2687667	2.940031746
64	Michelia compressa	Michcomp_T	335.4215433	0.289133333	62.32864313	1318.622467	13.3373618	0.153035282	0.189740792	-30.939	-0.7625	16.6	370.1	22.29518072	0.552763589	0.3997768	75.07314815	84.5462963	3.193628571
65	Myrsine seguinii	Myrssegu_T	367.0611183	0.297368056	60.61666667	2053.032167	11.42851953	0.154974602	0.178490801	-30.017	-1.391	14.9	468.4	31.43624161	0.7428169	0.65603245	71.7625	80.575	2.611553968
66	Neolitsea aciculata	Neolacic_T	498.6046371	0.193904762	44.00809897	1598.206905	13.17120344	0.04124618	0.061728899	-31.68964286	-3.498428571	15.49963847	472.8756057	30.55512581	0.52995895	0.53226282	70.77569048	95.14883333	4.543732143
67	Neolitsea acuminatissima	Neolacum_T	528.1179309	0.213269444	41.91165923	938.8440667	11.53230624	0.080864415	0.101353335	-30.88833333	-2.650666667	16.36666667	457.2	28.32355601	0.552936644	0.4991877	66.67777778	73.94375	4.644072619
68	Neolitsea konishii	Neolkoni_T	481.3466436	0.241583333	48.52342323	2675.468222	12.81803258	0.085299508	0.117598011	-34.27928571	-0.938857143	20.62724166	474.7821051	23.01723677	0.5198352	0.4961345	79.53311111	123.2638333	4.829028571
69	Neolitsea sericea var. sericea	Neolseri_T	508.5392561	0.324259259	50.42600049	1674.821333	10.32262116	0.094213638	0.147496031	-31.261	-3.75	16	462.4	28.9	0.604209633		68.52777778	95.98888889	
70	Osmanthus enervius	Osmaener_T	464.8192674	0.301541667	60.21711345	1078.616833	8.684350366	0.13310819	0.163417015	-29.146	-1.948	12	449.1	37.425	0.7417685		74.41166667	82.3	4.253942857
71	Osmanthus heterophyllus	Osmahete_T	507.566301	0.453533333	71.30215469	1053.8078	7.368839175	0.132868668	0.216911994	-32.082	-2.473875	11.76666667	448.1	39.13773605	0.7239142	0.648932967	66.32033333	68.42666667	3.634926984
72	Osmanthus matsumuranus	Osmamats_T	402.0973047	0.267916667	61.01176601	4029.305583	12.53559693	0.121435937	0.163417744	-30.3545	-2.6185625	17.4	471.1	27.41223466	0.650813225		64.6	84.04444444	
73	Lithocarpus brevicaudatus	Lithbrev_T	477.6869449	0.446166667	48.9144072	3728.142667	7.633183384	0.146799508	0.252692755	-29.942	0.801	11.9	447.8	37.6302521	0.646315533		65.83055556	75.55	3.358366667
74	Photinia niitakayamensis	Photniit_T	464.4924005	0.251666667	65.94298864	1113.908667	9.309930922	0.124607047	0.13561373	-30.181	-3.741	16	450.7	28.16875	0.7094203		66.86666667	94.56666667	
75	Pourthiaea beauverdiana var. notabilis	Pournota_T	418.4948852	0.191458333	42.76666667	3002.0665	20.91697211	0.071083002	0.111610673	-32.0895	-1.4425	17.45	436.5	25.05359842	0.7298077	0.6630746	59.55	84.9375	3.73127381
76	Prunus phaeosticta var. phaeosticta	Prunphae_T	423.8558954	0.269020833	64.82699941	1321.1745	10.94116575	0.110690694	0.149390598	-30.21475	-1.01825	20.675	442.8	21.59356154	0.667083836	0.6814712	72.86458333	73.42638889	3.568461224
77	Prunus transarisanensis var. takasagomontana	Pruntaka_T	426.8250366	0.171416667	37.425	2966.4435	13.21486099	0.10698806	0.096097492	-28.508	-3.228	16.4	430.7	26.26219512	0.5771087		60.56666667	76.725	3.864561905
78	Pyrenaria shinkoensis	Pyreshin_T	324.1668931	0.305	63.50076893	2547.162611	12.47985926	0.181845368	0.202149049	-29.55233333	-1.985333333	16.96666667	435.6666667	25.7932705	0.46856114	0.4592835	75.38611111	79.475	3.545569048
79	Rhododendron chilanshanense	Rhodchil_T	362.0301808	0.136583333	40.68333333	931.8453333	23.70453953	0.393463554	0.102535148	-34.08928571	-3.911857143	16.57771949	459.8896728	27.74143168		0.5277045	72.2135	76.17433333	3.520109524
80	Rhododendron formosanum	Rhodform_T	463.1337345	0.478344444	60.67083333	2704.8066	6.078603692	0.191770553	0.272891534	-30.51933333	-4.461333333	10.23333333	459.3666667	46.7242611	0.5459207		65.07333333	121.6516667	3.248291667
81	Rhododendron leptosanthum	Rhodlept_T	399.4584779	0.318888889	65.61296917	2921.336222	10.62698255	0.143178424	0.188750811						0.5474251		67.55	70.93333333	
82	Rhododendron pseudochrysanthum	Rhodpseu_T	440.6179488	0.389166667	34.01666667	2322.192	8.25691613	0.156731275	0.218701886	-29.376	-3.403	11.1	452.1	40.72972973	0.5196596		70.40833333	80.91666667	3.597985714
83	Schefflera octophylla	Scheocto_T	371.9974707	0.267729167	57.97107304	3932.106583	10.5067565	0.163991356	0.170126424	-30.138	-2.809	13.1	401.1	30.61832061	0.457653525		72.67777778	81.88888889	3.013914286
84	Schima superba var. superba	Schisupe_T	421.841003	0.269020833	54.95676798	2828.933333	10.5619366	0.133320412	0.153167304	-28.2	-2.974	16.6	458.9	27.64457831	0.527411433	0.5839467	73.773125	81.03179167	3.774704762
85	Skimmia reevesiana	Skimreev_T	319.6536799	0.284	63.01666667	1707.731667	13.22058826	0.161106248	0.19251619	-31.474	-3.082	18.9	441.8	23.37566138		0.7117991	67.95	90.25	2.447814286
86	Sorbus randaiensis	Sorbrand_T	402.0376901	0.068833333	41	510.6053333	25.97289425	0.057579083	0.030957852	-32.564	-2.142	21.8	425.3	19.50917431		0.527451	57.13333333	73.16666667	4.134133333
87	Sycopsis sinensis	Sycosine_T	381.8371461	0.468425926	76.72222222	2981.860889	9.558856659	0.171876893	0.255955488	-30.677	-0.424	14.5	400	27.5862069	0.5234546		67.32777778	87.54722222	3.417273016
88	Symplocos arisanensis	Symparis_T	313.2222203	0.251675	54.2605068	1357.324133	16.40014704	0.143066534	0.173101416	-31.339	-1.569	22.5	383.75	17.1056748	0.534070257	0.505375733	75.17583333	79.83083333	3.188137302
89	Symplocos glauca	Sympglau_T	341.9429925	0.230472222	55.86562989	3763.810333	14.68183442	0.132080831	0.149222104	-33.093	-0.879	18.4	400	21.73913043	0.4304721	0.50729665	74.06666667	141.0888889	3.566535714
90	Symplocos macrostroma	Sympmacr_T	347.1260985	0.278383333	62.58666667	982.7418667	11.12107766	0.182091085	0.180706978	-30.914	-1.349883333	14.2	376.475	26.96357406	0.585303467	0.5480295	76.005	74.53333333	3.280490476
91	Symplocos migoi	Sympmigo_T	401.9835313	0.283033333	65.76904201	760.9912	10.89117439	0.141481704	0.167575954	-30.319	-0.702	14.1	387.7	27.4964539	0.525	0.53488275	72.18333333	80.05166667	3.69982381
92	Symplocos stellaris	Sympstel_T	349.76164	0.296520833	58.67528275	3145.585833	12.04522652	0.16195053	0.191659175	-32.664	-1.43	17.7	396	22.37288136	0.4535648	0.4550239	76.45725	109.4021875	3.169666667
93	Symplocos theophrastifolia	Symptheo_T	331.0707708	0.343333333	68.61207184	1881.486	10.59669522	0.19176901	0.225262496	-30.654	-1.339	17.2	356.2	20.70930233	0.3850526		77.45	84.78333333	
94	Symplocos wikstroemiifolia	Sympwiks_T	273.5086866	0.23975	66.28711823	1516.455167	15.58154298	0.175170216	0.171182089	-30.398	-0.637	29.8	426.5	14.31208054	0.4237902	0.45826175	80.77475	115.906	3.775703175
95	Syzygium buxifolium	Syzybuxi_T	450.771807	0.260711574	63.575	827.7405	10.43763621	0.120708186	0.143995352	-33.321	-0.808545455	10.9	451.2	41.39449541	0.74845375	0.72318645	67.8703	76.26306667	3.66051131
96	Ternstroemia gymnanthera	Terngymn_T	328.3324159	0.527615741	68.21986669	939.4450556	9.528452278	0.225504641	0.358959428	-28.552	-0.703	9.2	413.2	44.91304348	0.6478131	0.63860765	77.19558333	80.69143333	2.463788889
97	Tricalysia dubia	Tricdubi_T	318.2804346	0.24895	59.90159669	3832.687933	15.74252366	0.143251819	0.168472551	-31.823	0.372	26.8	474.7	17.71268657		0.61234662	66.47746667	78.18103333	3.650402381
98	Trochodendron aralioides	Trocaral_T	416.95808	0.354954861	66.72935571	2714.54875	8.501373677	0.166475249	0.212436277	-29.0455	-2.76325	12.15	463.225	38.51505027	0.551715788		63.26666667	82.14166667	2.75482619
99	Tsuga chinensis var. formosana	Tsugform_T	408.67425	0.346083333		36.83533333	4.721978446	0.308116488	0.203334089	-31.439	-3.174	11.3	456.6	40.40707965	0.5175327				
100	Viburnum foetidum var. rectangulatum	Viburect_T	363.3931975	0.23	57.72452551	1230.667667	18.0043547	0.097831714	0.140053497	-33.363	-2.946	12.3	441.7	35.91056911		0.5987406	83.75	91.85	
101	Viburnum sympodiale	Vibusymp_T	361.9710174	0.179509259	46.82777778	4481.793444	18.65326233	0.095722336	0.120399737	-31.133	-1.574	17.2	443.7	25.79651163		0.594438333	71.75066667	75.09197222	3.062836508
